Ranged on altitude with the following geomagnetic conditions : 

Ap : 13 ; 3-month F10.7 : 201.8 ; daily F10.7 : 211.6 
Year 2025 ; Month 01 ; Day 01
Minimum Altitude : 50
Maximum Altitude : 700
Altitude step : 25
Time : 0.0
Latitude : 0
Longitude : 0

Altitude		F5.1	(km)
Densities
	He		E10.3	(cm-3)
	O		E10.3	(cm-3)
	N2		E10.3	(cm-3)
	O2		E10.3	(cm-3)
	Ar		E10.3	(cm-3)
	Total Mass	E10.3	(gm/cm-3)
	H		E10.3	(cm-3)
	N		E	(cm-3)
Temperatures
	Exospheric	F7.2	(K)
	at Altitude	F7.2	(K)

 50.0  1.161E+11  0.000E+00  1.730E+16  4.642E+15  2.070E+14  1.065E-06  0.000E+00  0.000E+00 1037.18  267.42
 75.0  4.465E+09  1.579E+08  6.556E+14  1.747E+14  7.630E+12  4.026E-08  5.629E+04  7.600E+04 1037.18  207.86
100.0  1.354E+08  5.126E+11  1.111E+13  2.487E+12  1.045E+11  6.691E-10  1.849E+07  5.140E+05 1037.18  174.00
125.0  2.383E+07  6.021E+10  1.875E+11  1.692E+10  6.691E+08  1.126E-11  1.519E+06  2.569E+06 1099.58  465.32
150.0  1.184E+07  1.819E+10  3.180E+10  2.024E+09  6.112E+07  2.073E-12  2.673E+05  1.533E+07 1099.58  769.49
175.0  9.230E+06  8.923E+09  1.055E+10  5.858E+08  1.321E+07  7.604E-13  1.032E+05  3.655E+07 1099.58  926.92
200.0  7.816E+06  5.187E+09  4.359E+09  2.160E+08  3.834E+06  3.532E-13  6.738E+04  4.376E+07 1099.58 1008.82
225.0  6.846E+06  3.248E+09  1.982E+09  8.830E+07  1.263E+06  1.840E-13  5.621E+04  3.692E+07 1099.58 1051.64
250.0  6.099E+06  2.109E+09  9.454E+08  3.801E+07  4.428E+05  1.027E-13  5.167E+04  2.691E+07 1099.58 1074.13
275.0  5.481E+06  1.397E+09  4.631E+08  1.684E+07  1.605E+05  6.000E-14  4.927E+04  1.866E+07 1099.58 1086.01
300.0  4.948E+06  9.351E+08  2.306E+08  7.597E+06  5.942E+04  3.629E-14  4.764E+04  1.282E+07 1099.58 1092.31
325.0  4.479E+06  6.311E+08  1.161E+08  3.468E+06  2.231E+04  2.258E-14  4.627E+04  8.860E+06 1099.58 1095.66
350.0  4.063E+06  4.281E+08  5.888E+07  1.597E+06  8.471E+03  1.436E-14  4.512E+04  6.182E+06 1099.58 1097.46
375.0  3.689E+06  2.916E+08  3.008E+07  7.413E+05  3.245E+03  9.307E-15  4.403E+04  4.351E+06 1099.58 1098.43
400.0  3.354E+06  1.992E+08  1.545E+07  3.463E+05  1.253E+03  6.123E-15  4.299E+04  3.086E+06 1099.58 1098.95
425.0  3.051E+06  1.366E+08  7.981E+06  1.628E+05  4.878E+02  4.079E-15  4.198E+04  2.202E+06 1099.58 1099.23
450.0  2.778E+06  9.392E+07  4.143E+06  7.694E+04  1.912E+02  2.746E-15  4.100E+04  1.580E+06 1099.58 1099.39
475.0  2.532E+06  6.476E+07  2.162E+06  3.658E+04  7.550E+01  1.866E-15  4.006E+04  1.131E+06 1099.58 1099.47
500.0  2.308E+06  4.477E+07  1.133E+06  1.749E+04  3.001E+01  1.277E-15  3.914E+04  8.191E+05 1099.58 1099.52
525.0  2.106E+06  3.104E+07  5.969E+05  8.406E+03  1.201E+01  8.805E-16  3.826E+04  5.945E+05 1099.58 1099.55
550.0  1.923E+06  2.158E+07  3.159E+05  4.062E+03  4.839E+00  6.109E-16  3.740E+04  4.325E+05 1099.58 1099.56
575.0  1.757E+06  1.504E+07  1.680E+05  1.973E+03  1.963E+00  4.264E-16  3.656E+04  3.153E+05 1099.58 1099.57
600.0  1.607E+06  1.051E+07  8.971E+04  9.636E+02  8.012E-01  2.994E-16  3.575E+04  2.305E+05 1099.58 1099.57
625.0  1.470E+06  7.363E+06  4.813E+04  4.730E+02  3.292E-01  2.116E-16  3.497E+04  1.688E+05 1099.58 1099.58
650.0  1.346E+06  5.172E+06  2.594E+04  2.334E+02  1.361E-01  1.505E-16  3.420E+04  1.239E+05 1099.58 1099.58
675.0  1.233E+06  3.642E+06  1.404E+04  1.157E+02  5.663E-02  1.077E-16  3.346E+04  9.117E+04 1099.58 1099.58
700.0  1.130E+06  2.571E+06  7.633E+03  5.766E+01  2.371E-02  7.776E-17  3.274E+04  6.722E+04 1099.58 1099.58